iterations       power from maximum power to 0            a            b            c            x        error         time
0.000000         1.000000                              -1.000000          NaN          NaN     1.000000     1.000000     0.000000
0.000000         0.000000                               0.000000          NaN          NaN     1.000000     1.000000     0.000000
1.000000         1.000000                              -1.000000          NaN          NaN          NaN          NaN     0.014781
1.000000         0.000000                               0.000000          NaN          NaN          NaN          NaN     0.014787
2.000000         1.000000                              -1.000000          NaN          NaN          NaN          NaN     0.014799
2.000000         0.000000                               0.000000          NaN          NaN          NaN          NaN     0.014803
3.000000         1.000000                              -1.000000          NaN          NaN          NaN          NaN     0.014811
3.000000         0.000000                               0.000000          NaN          NaN          NaN          NaN     0.014816
4.000000         1.000000                              -1.000000          NaN          NaN          NaN          NaN     0.014824
4.000000         0.000000                               0.000000          NaN          NaN          NaN          NaN     0.014828
5.000000         1.000000                              -1.000000          NaN          NaN          NaN          NaN     0.014837
5.000000         0.000000                               0.000000          NaN          NaN          NaN          NaN     0.014842
6.000000         1.000000                              -1.000000          NaN          NaN          NaN          NaN     0.014850
6.000000         0.000000                               0.000000          NaN          NaN          NaN          NaN     0.014854
7.000000         1.000000                              -1.000000          NaN          NaN          NaN          NaN     0.014862
7.000000         0.000000                               0.000000          NaN          NaN          NaN          NaN     0.014867
8.000000         1.000000                              -1.000000          NaN          NaN          NaN          NaN     0.014877
8.000000         0.000000                               0.000000          NaN          NaN          NaN          NaN     0.014881
9.000000         1.000000                              -1.000000          NaN          NaN          NaN          NaN     0.014889
9.000000         0.000000                               0.000000          NaN          NaN          NaN          NaN     0.014894
10.000000         1.000000                              -1.000000          NaN          NaN          NaN          NaN     0.014903
10.000000         0.000000                               0.000000          NaN          NaN          NaN          NaN     0.014907
11.000000         1.000000                              -1.000000          NaN          NaN          NaN          NaN     0.014917
11.000000         0.000000                               0.000000          NaN          NaN          NaN          NaN     0.014921
12.000000         1.000000                              -1.000000          NaN          NaN          NaN          NaN     0.014929
12.000000         0.000000                               0.000000          NaN          NaN          NaN          NaN     0.014934
13.000000         1.000000                              -1.000000          NaN          NaN          NaN          NaN     0.014943
13.000000         0.000000                               0.000000          NaN          NaN          NaN          NaN     0.014948
14.000000         1.000000                              -1.000000          NaN          NaN          NaN          NaN     0.014957
14.000000         0.000000                               0.000000          NaN          NaN          NaN          NaN     0.014961
15.000000         1.000000                              -1.000000          NaN          NaN          NaN          NaN     0.014970
15.000000         0.000000                               0.000000          NaN          NaN          NaN          NaN     0.014974
16.000000         1.000000                              -1.000000          NaN          NaN          NaN          NaN     0.014983
16.000000         0.000000                               0.000000          NaN          NaN          NaN          NaN     0.014988
17.000000         1.000000                              -1.000000          NaN          NaN          NaN          NaN     0.014998
17.000000         0.000000                               0.000000          NaN          NaN          NaN          NaN     0.015002
18.000000         1.000000                              -1.000000          NaN          NaN          NaN          NaN     0.015012
18.000000         0.000000                               0.000000          NaN          NaN          NaN          NaN     0.015017
19.000000         1.000000                              -1.000000          NaN          NaN          NaN          NaN     0.015026
19.000000         0.000000                               0.000000          NaN          NaN          NaN          NaN     0.015030
20.000000         1.000000                              -1.000000          NaN          NaN          NaN          NaN     0.015040
20.000000         0.000000                               0.000000          NaN          NaN          NaN          NaN     0.015044
21.000000         1.000000                              -1.000000          NaN          NaN          NaN          NaN     0.015054
21.000000         0.000000                               0.000000          NaN          NaN          NaN          NaN     0.015059
22.000000         1.000000                              -1.000000          NaN          NaN          NaN          NaN     0.015069
22.000000         0.000000                               0.000000          NaN          NaN          NaN          NaN     0.015073
23.000000         1.000000                              -1.000000          NaN          NaN          NaN          NaN     0.015084
23.000000         0.000000                               0.000000          NaN          NaN          NaN          NaN     0.015088
24.000000         1.000000                              -1.000000          NaN          NaN          NaN          NaN     0.015099
24.000000         0.000000                               0.000000          NaN          NaN          NaN          NaN     0.015103
25.000000         1.000000                              -1.000000          NaN          NaN          NaN          NaN     0.015112
25.000000         0.000000                               0.000000          NaN          NaN          NaN          NaN     0.015116
26.000000         1.000000                              -1.000000          NaN          NaN          NaN          NaN     0.015126
26.000000         0.000000                               0.000000          NaN          NaN          NaN          NaN     0.015130
27.000000         1.000000                              -1.000000          NaN          NaN          NaN          NaN     0.015140
27.000000         0.000000                               0.000000          NaN          NaN          NaN          NaN     0.015145
28.000000         1.000000                              -1.000000          NaN          NaN          NaN          NaN     0.015155
28.000000         0.000000                               0.000000          NaN          NaN          NaN          NaN     0.015159
29.000000         1.000000                              -1.000000          NaN          NaN          NaN          NaN     0.015169
29.000000         0.000000                               0.000000          NaN          NaN          NaN          NaN     0.015174
30.000000         1.000000                              -1.000000          NaN          NaN          NaN          NaN     0.015184
30.000000         0.000000                               0.000000          NaN          NaN          NaN          NaN     0.015188
31.000000         1.000000                              -1.000000          NaN          NaN          NaN          NaN     0.015198
31.000000         0.000000                               0.000000          NaN          NaN          NaN          NaN     0.015203
32.000000         1.000000                              -1.000000          NaN          NaN          NaN          NaN     0.015213
32.000000         0.000000                               0.000000          NaN          NaN          NaN          NaN     0.015217
33.000000         1.000000                              -1.000000          NaN          NaN          NaN          NaN     0.015227
33.000000         0.000000                               0.000000          NaN          NaN          NaN          NaN     0.015231
34.000000         1.000000                              -1.000000          NaN          NaN          NaN          NaN     0.015240
34.000000         0.000000                               0.000000          NaN          NaN          NaN          NaN     0.015245
35.000000         1.000000                              -1.000000          NaN          NaN          NaN          NaN     0.015255
35.000000         0.000000                               0.000000          NaN          NaN          NaN          NaN     0.015259
36.000000         1.000000                              -1.000000          NaN          NaN          NaN          NaN     0.015269
36.000000         0.000000                               0.000000          NaN          NaN          NaN          NaN     0.015273
37.000000         1.000000                              -1.000000          NaN          NaN          NaN          NaN     0.015282
37.000000         0.000000                               0.000000          NaN          NaN          NaN          NaN     0.015286
38.000000         1.000000                              -1.000000          NaN          NaN          NaN          NaN     0.015296
38.000000         0.000000                               0.000000          NaN          NaN          NaN          NaN     0.015300
39.000000         1.000000                              -1.000000          NaN          NaN          NaN          NaN     0.015311
39.000000         0.000000                               0.000000          NaN          NaN          NaN          NaN     0.015316
40.000000         1.000000                              -1.000000          NaN          NaN          NaN          NaN     0.015324
40.000000         0.000000                               0.000000          NaN          NaN          NaN          NaN     0.015329
41.000000         1.000000                              -1.000000          NaN          NaN          NaN          NaN     0.015339
41.000000         0.000000                               0.000000          NaN          NaN          NaN          NaN     0.015344
42.000000         1.000000                              -1.000000          NaN          NaN          NaN          NaN     0.015354
42.000000         0.000000                               0.000000          NaN          NaN          NaN          NaN     0.015358
43.000000         1.000000                              -1.000000          NaN          NaN          NaN          NaN     0.015368
43.000000         0.000000                               0.000000          NaN          NaN          NaN          NaN     0.015372
44.000000         1.000000                              -1.000000          NaN          NaN          NaN          NaN     0.015381
44.000000         0.000000                               0.000000          NaN          NaN          NaN          NaN     0.015386
45.000000         1.000000                              -1.000000          NaN          NaN          NaN          NaN     0.015395
45.000000         0.000000                               0.000000          NaN          NaN          NaN          NaN     0.015399
46.000000         1.000000                              -1.000000          NaN          NaN          NaN          NaN     0.015408
46.000000         0.000000                               0.000000          NaN          NaN          NaN          NaN     0.015412
47.000000         1.000000                              -1.000000          NaN          NaN          NaN          NaN     0.015421
47.000000         0.000000                               0.000000          NaN          NaN          NaN          NaN     0.015425
48.000000         1.000000                              -1.000000          NaN          NaN          NaN          NaN     0.015435
48.000000         0.000000                               0.000000          NaN          NaN          NaN          NaN     0.015440
49.000000         1.000000                              -1.000000          NaN          NaN          NaN          NaN     0.015448
49.000000         0.000000                               0.000000          NaN          NaN          NaN          NaN     0.015452
50.000000         1.000000                              -1.000000          NaN          NaN          NaN          NaN     0.015461
50.000000         0.000000                               0.000000          NaN          NaN          NaN          NaN     0.015465
51.000000         1.000000                              -1.000000          NaN          NaN          NaN          NaN     0.015474
51.000000         0.000000                               0.000000          NaN          NaN          NaN          NaN     0.015479
52.000000         1.000000                              -1.000000          NaN          NaN          NaN          NaN     0.015487
52.000000         0.000000                               0.000000          NaN          NaN          NaN          NaN     0.015492
53.000000         1.000000                              -1.000000          NaN          NaN          NaN          NaN     0.015501
53.000000         0.000000                               0.000000          NaN          NaN          NaN          NaN     0.015504
54.000000         1.000000                              -1.000000          NaN          NaN          NaN          NaN     0.015514
54.000000         0.000000                               0.000000          NaN          NaN          NaN          NaN     0.015517
55.000000         1.000000                              -1.000000          NaN          NaN          NaN          NaN     0.015526
55.000000         0.000000                               0.000000          NaN          NaN          NaN          NaN     0.015531
56.000000         1.000000                              -1.000000          NaN          NaN          NaN          NaN     0.015540
56.000000         0.000000                               0.000000          NaN          NaN          NaN          NaN     0.015544
57.000000         1.000000                              -1.000000          NaN          NaN          NaN          NaN     0.015552
57.000000         0.000000                               0.000000          NaN          NaN          NaN          NaN     0.015557
58.000000         1.000000                              -1.000000          NaN          NaN          NaN          NaN     0.015566
58.000000         0.000000                               0.000000          NaN          NaN          NaN          NaN     0.015570
59.000000         1.000000                              -1.000000          NaN          NaN          NaN          NaN     0.015579
59.000000         0.000000                               0.000000          NaN          NaN          NaN          NaN     0.015583
60.000000         1.000000                              -1.000000          NaN          NaN          NaN          NaN     0.015592
60.000000         0.000000                               0.000000          NaN          NaN          NaN          NaN     0.015596
61.000000         1.000000                              -1.000000          NaN          NaN          NaN          NaN     0.015606
61.000000         0.000000                               0.000000          NaN          NaN          NaN          NaN     0.015610
62.000000         1.000000                              -1.000000          NaN          NaN          NaN          NaN     0.015620
62.000000         0.000000                               0.000000          NaN          NaN          NaN          NaN     0.015624
63.000000         1.000000                              -1.000000          NaN          NaN          NaN          NaN     0.015633
63.000000         0.000000                               0.000000          NaN          NaN          NaN          NaN     0.015637
64.000000         1.000000                              -1.000000          NaN          NaN          NaN          NaN     0.015648
64.000000         0.000000                               0.000000          NaN          NaN          NaN          NaN     0.015652
65.000000         1.000000                              -1.000000          NaN          NaN          NaN          NaN     0.015661
65.000000         0.000000                               0.000000          NaN          NaN          NaN          NaN     0.015665
66.000000         1.000000                              -1.000000          NaN          NaN          NaN          NaN     0.015674
66.000000         0.000000                               0.000000          NaN          NaN          NaN          NaN     0.015678
67.000000         1.000000                              -1.000000          NaN          NaN          NaN          NaN     0.015688
67.000000         0.000000                               0.000000          NaN          NaN          NaN          NaN     0.015693
68.000000         1.000000                              -1.000000          NaN          NaN          NaN          NaN     0.015703
68.000000         0.000000                               0.000000          NaN          NaN          NaN          NaN     0.015707
69.000000         1.000000                              -1.000000          NaN          NaN          NaN          NaN     0.015716
69.000000         0.000000                               0.000000          NaN          NaN          NaN          NaN     0.015721
70.000000         1.000000                              -1.000000          NaN          NaN          NaN          NaN     0.015731
70.000000         0.000000                               0.000000          NaN          NaN          NaN          NaN     0.015735
71.000000         1.000000                              -1.000000          NaN          NaN          NaN          NaN     0.015748
71.000000         0.000000                               0.000000          NaN          NaN          NaN          NaN     0.015753
72.000000         1.000000                              -1.000000          NaN          NaN          NaN          NaN     0.015772
72.000000         0.000000                               0.000000          NaN          NaN          NaN          NaN     0.015778
73.000000         1.000000                              -1.000000          NaN          NaN          NaN          NaN     0.015804
73.000000         0.000000                               0.000000          NaN          NaN          NaN          NaN     0.015811
74.000000         1.000000                              -1.000000          NaN          NaN          NaN          NaN     0.015822
74.000000         0.000000                               0.000000          NaN          NaN          NaN          NaN     0.015827
75.000000         1.000000                              -1.000000          NaN          NaN          NaN          NaN     0.015842
75.000000         0.000000                               0.000000          NaN          NaN          NaN          NaN     0.015849
76.000000         1.000000                              -1.000000          NaN          NaN          NaN          NaN     0.015866
76.000000         0.000000                               0.000000          NaN          NaN          NaN          NaN     0.015874
77.000000         1.000000                              -1.000000          NaN          NaN          NaN          NaN     0.015894
77.000000         0.000000                               0.000000          NaN          NaN          NaN          NaN     0.015901
78.000000         1.000000                              -1.000000          NaN          NaN          NaN          NaN     0.015919
78.000000         0.000000                               0.000000          NaN          NaN          NaN          NaN     0.015926
79.000000         1.000000                              -1.000000          NaN          NaN          NaN          NaN     0.015944
79.000000         0.000000                               0.000000          NaN          NaN          NaN          NaN     0.015952
80.000000         1.000000                              -1.000000          NaN          NaN          NaN          NaN     0.015970
80.000000         0.000000                               0.000000          NaN          NaN          NaN          NaN     0.015978
81.000000         1.000000                              -1.000000          NaN          NaN          NaN          NaN     0.015994
81.000000         0.000000                               0.000000          NaN          NaN          NaN          NaN     0.016001
82.000000         1.000000                              -1.000000          NaN          NaN          NaN          NaN     0.016017
82.000000         0.000000                               0.000000          NaN          NaN          NaN          NaN     0.016024
83.000000         1.000000                              -1.000000          NaN          NaN          NaN          NaN     0.016039
83.000000         0.000000                               0.000000          NaN          NaN          NaN          NaN     0.016046
84.000000         1.000000                              -1.000000          NaN          NaN          NaN          NaN     0.016063
84.000000         0.000000                               0.000000          NaN          NaN          NaN          NaN     0.016070
85.000000         1.000000                              -1.000000          NaN          NaN          NaN          NaN     0.016086
85.000000         0.000000                               0.000000          NaN          NaN          NaN          NaN     0.016092
86.000000         1.000000                              -1.000000          NaN          NaN          NaN          NaN     0.016109
86.000000         0.000000                               0.000000          NaN          NaN          NaN          NaN     0.016116
87.000000         1.000000                              -1.000000          NaN          NaN          NaN          NaN     0.016132
87.000000         0.000000                               0.000000          NaN          NaN          NaN          NaN     0.016139
88.000000         1.000000                              -1.000000          NaN          NaN          NaN          NaN     0.016155
88.000000         0.000000                               0.000000          NaN          NaN          NaN          NaN     0.016162
89.000000         1.000000                              -1.000000          NaN          NaN          NaN          NaN     0.016179
89.000000         0.000000                               0.000000          NaN          NaN          NaN          NaN     0.016186
90.000000         1.000000                              -1.000000          NaN          NaN          NaN          NaN     0.016203
90.000000         0.000000                               0.000000          NaN          NaN          NaN          NaN     0.016209
91.000000         1.000000                              -1.000000          NaN          NaN          NaN          NaN     0.016235
91.000000         0.000000                               0.000000          NaN          NaN          NaN          NaN     0.016243
92.000000         1.000000                              -1.000000          NaN          NaN          NaN          NaN     0.016260
92.000000         0.000000                               0.000000          NaN          NaN          NaN          NaN     0.016267
93.000000         1.000000                              -1.000000          NaN          NaN          NaN          NaN     0.016283
93.000000         0.000000                               0.000000          NaN          NaN          NaN          NaN     0.016289
94.000000         1.000000                              -1.000000          NaN          NaN          NaN          NaN     0.016349
94.000000         0.000000                               0.000000          NaN          NaN          NaN          NaN     0.016355
95.000000         1.000000                              -1.000000          NaN          NaN          NaN          NaN     0.016370
95.000000         0.000000                               0.000000          NaN          NaN          NaN          NaN     0.016375
96.000000         1.000000                              -1.000000          NaN          NaN          NaN          NaN     0.016390
96.000000         0.000000                               0.000000          NaN          NaN          NaN          NaN     0.016396
97.000000         1.000000                              -1.000000          NaN          NaN          NaN          NaN     0.016412
97.000000         0.000000                               0.000000          NaN          NaN          NaN          NaN     0.016417
98.000000         1.000000                              -1.000000          NaN          NaN          NaN          NaN     0.016433
98.000000         0.000000                               0.000000          NaN          NaN          NaN          NaN     0.016441
99.000000         1.000000                              -1.000000          NaN          NaN          NaN          NaN     0.016450
99.000000         0.000000                               0.000000          NaN          NaN          NaN          NaN     0.016454
100.000000         1.000000                              -1.000000          NaN          NaN          NaN          NaN     0.016466
100.000000         0.000000                               0.000000          NaN          NaN          NaN          NaN     0.016470
101.000000         1.000000                              -1.000000          NaN          NaN          NaN          NaN     0.016480
101.000000         0.000000                               0.000000          NaN          NaN          NaN          NaN     0.016484
102.000000         1.000000                              -1.000000          NaN          NaN          NaN          NaN     0.016494
102.000000         0.000000                               0.000000          NaN          NaN          NaN          NaN     0.016499
103.000000         1.000000                              -1.000000          NaN          NaN          NaN          NaN     0.016509
103.000000         0.000000                               0.000000          NaN          NaN          NaN          NaN     0.016514
104.000000         1.000000                              -1.000000          NaN          NaN          NaN          NaN     0.016523
104.000000         0.000000                               0.000000          NaN          NaN          NaN          NaN     0.016528
105.000000         1.000000                              -1.000000          NaN          NaN          NaN          NaN     0.016538
105.000000         0.000000                               0.000000          NaN          NaN          NaN          NaN     0.016543
106.000000         1.000000                              -1.000000          NaN          NaN          NaN          NaN     0.016554
106.000000         0.000000                               0.000000          NaN          NaN          NaN          NaN     0.016557
107.000000         1.000000                              -1.000000          NaN          NaN          NaN          NaN     0.016567
107.000000         0.000000                               0.000000          NaN          NaN          NaN          NaN     0.016571
108.000000         1.000000                              -1.000000          NaN          NaN          NaN          NaN     0.016581
108.000000         0.000000                               0.000000          NaN          NaN          NaN          NaN     0.016586
109.000000         1.000000                              -1.000000          NaN          NaN          NaN          NaN     0.016596
109.000000         0.000000                               0.000000          NaN          NaN          NaN          NaN     0.016601
110.000000         1.000000                              -1.000000          NaN          NaN          NaN          NaN     0.016611
110.000000         0.000000                               0.000000          NaN          NaN          NaN          NaN     0.016615
111.000000         1.000000                              -1.000000          NaN          NaN          NaN          NaN     0.016625
111.000000         0.000000                               0.000000          NaN          NaN          NaN          NaN     0.016629
112.000000         1.000000                              -1.000000          NaN          NaN          NaN          NaN     0.016640
112.000000         0.000000                               0.000000          NaN          NaN          NaN          NaN     0.016644
113.000000         1.000000                              -1.000000          NaN          NaN          NaN          NaN     0.016654
113.000000         0.000000                               0.000000          NaN          NaN          NaN          NaN     0.016658
114.000000         1.000000                              -1.000000          NaN          NaN          NaN          NaN     0.016668
114.000000         0.000000                               0.000000          NaN          NaN          NaN          NaN     0.016672
115.000000         1.000000                              -1.000000          NaN          NaN          NaN          NaN     0.016683
115.000000         0.000000                               0.000000          NaN          NaN          NaN          NaN     0.016686
116.000000         1.000000                              -1.000000          NaN          NaN          NaN          NaN     0.016696
116.000000         0.000000                               0.000000          NaN          NaN          NaN          NaN     0.016700
117.000000         1.000000                              -1.000000          NaN          NaN          NaN          NaN     0.016711
117.000000         0.000000                               0.000000          NaN          NaN          NaN          NaN     0.016715
118.000000         1.000000                              -1.000000          NaN          NaN          NaN          NaN     0.016725
118.000000         0.000000                               0.000000          NaN          NaN          NaN          NaN     0.016728
119.000000         1.000000                              -1.000000          NaN          NaN          NaN          NaN     0.016739
119.000000         0.000000                               0.000000          NaN          NaN          NaN          NaN     0.016743
120.000000         1.000000                              -1.000000          NaN          NaN          NaN          NaN     0.016753
120.000000         0.000000                               0.000000          NaN          NaN          NaN          NaN     0.016758
121.000000         1.000000                              -1.000000          NaN          NaN          NaN          NaN     0.016769
121.000000         0.000000                               0.000000          NaN          NaN          NaN          NaN     0.016774
122.000000         1.000000                              -1.000000          NaN          NaN          NaN          NaN     0.016784
122.000000         0.000000                               0.000000          NaN          NaN          NaN          NaN     0.016789
123.000000         1.000000                              -1.000000          NaN          NaN          NaN          NaN     0.016799
123.000000         0.000000                               0.000000          NaN          NaN          NaN          NaN     0.016804
124.000000         1.000000                              -1.000000          NaN          NaN          NaN          NaN     0.016815
124.000000         0.000000                               0.000000          NaN          NaN          NaN          NaN     0.016819
125.000000         1.000000                              -1.000000          NaN          NaN          NaN          NaN     0.016830
125.000000         0.000000                               0.000000          NaN          NaN          NaN          NaN     0.016834
126.000000         1.000000                              -1.000000          NaN          NaN          NaN          NaN     0.016844
126.000000         0.000000                               0.000000          NaN          NaN          NaN          NaN     0.016849
127.000000         1.000000                              -1.000000          NaN          NaN          NaN          NaN     0.016860
127.000000         0.000000                               0.000000          NaN          NaN          NaN          NaN     0.016864
128.000000         1.000000                              -1.000000          NaN          NaN          NaN          NaN     0.016882
128.000000         0.000000                               0.000000          NaN          NaN          NaN          NaN     0.016886
129.000000         1.000000                              -1.000000          NaN          NaN          NaN          NaN     0.016896
129.000000         0.000000                               0.000000          NaN          NaN          NaN          NaN     0.016900
130.000000         1.000000                              -1.000000          NaN          NaN          NaN          NaN     0.016911
130.000000         0.000000                               0.000000          NaN          NaN          NaN          NaN     0.016916
131.000000         1.000000                              -1.000000          NaN          NaN          NaN          NaN     0.016927
131.000000         0.000000                               0.000000          NaN          NaN          NaN          NaN     0.016932
132.000000         1.000000                              -1.000000          NaN          NaN          NaN          NaN     0.016942
132.000000         0.000000                               0.000000          NaN          NaN          NaN          NaN     0.016947
133.000000         1.000000                              -1.000000          NaN          NaN          NaN          NaN     0.016957
133.000000         0.000000                               0.000000          NaN          NaN          NaN          NaN     0.016962
134.000000         1.000000                              -1.000000          NaN          NaN          NaN          NaN     0.016973
134.000000         0.000000                               0.000000          NaN          NaN          NaN          NaN     0.016978
135.000000         1.000000                              -1.000000          NaN          NaN          NaN          NaN     0.016989
135.000000         0.000000                               0.000000          NaN          NaN          NaN          NaN     0.016994
136.000000         1.000000                              -1.000000          NaN          NaN          NaN          NaN     0.017005
136.000000         0.000000                               0.000000          NaN          NaN          NaN          NaN     0.017009
137.000000         1.000000                              -1.000000          NaN          NaN          NaN          NaN     0.017019
137.000000         0.000000                               0.000000          NaN          NaN          NaN          NaN     0.017023
138.000000         1.000000                              -1.000000          NaN          NaN          NaN          NaN     0.017034
138.000000         0.000000                               0.000000          NaN          NaN          NaN          NaN     0.017038
139.000000         1.000000                              -1.000000          NaN          NaN          NaN          NaN     0.017048
139.000000         0.000000                               0.000000          NaN          NaN          NaN          NaN     0.017052
140.000000         1.000000                              -1.000000          NaN          NaN          NaN          NaN     0.017063
140.000000         0.000000                               0.000000          NaN          NaN          NaN          NaN     0.017067
141.000000         1.000000                              -1.000000          NaN          NaN          NaN          NaN     0.017077
141.000000         0.000000                               0.000000          NaN          NaN          NaN          NaN     0.017081
142.000000         1.000000                              -1.000000          NaN          NaN          NaN          NaN     0.017092
142.000000         0.000000                               0.000000          NaN          NaN          NaN          NaN     0.017096
143.000000         1.000000                              -1.000000          NaN          NaN          NaN          NaN     0.017106
143.000000         0.000000                               0.000000          NaN          NaN          NaN          NaN     0.017110
144.000000         1.000000                              -1.000000          NaN          NaN          NaN          NaN     0.017121
144.000000         0.000000                               0.000000          NaN          NaN          NaN          NaN     0.017125
145.000000         1.000000                              -1.000000          NaN          NaN          NaN          NaN     0.017135
145.000000         0.000000                               0.000000          NaN          NaN          NaN          NaN     0.017139
146.000000         1.000000                              -1.000000          NaN          NaN          NaN          NaN     0.017151
146.000000         0.000000                               0.000000          NaN          NaN          NaN          NaN     0.017154
147.000000         1.000000                              -1.000000          NaN          NaN          NaN          NaN     0.017165
147.000000         0.000000                               0.000000          NaN          NaN          NaN          NaN     0.017168
148.000000         1.000000                              -1.000000          NaN          NaN          NaN          NaN     0.017179
148.000000         0.000000                               0.000000          NaN          NaN          NaN          NaN     0.017183
149.000000         1.000000                              -1.000000          NaN          NaN          NaN          NaN     0.017193
149.000000         0.000000                               0.000000          NaN          NaN          NaN          NaN     0.017197
